LONG: -120.66 0
LAT: 35.3
ALT: .1058
YEAR: 2013
MONTH: 5
DAY: 10
TIME RA DEC:03:37:38.468 62.065 53.37103:44:41.366 190.293 55.845
03:46:48.599 208.218 33.98503:49:06.789 218.144 14.02405:45:23.695 111.941 29.52805:47:30.867 127.243 24.47105:50:19.118 149.566 10.99605:53:31.163 173.968 -10.398