LONG: -120.66 0
LAT: 35.3
ALT: .1058
YEAR: 2013
MONTH: 3
DAY: 25
TIME RA DEC:
03:10:30.032 30.381 23.52503:15:20.612 65.134 0.77403:20:32.777 99.976 -30.44