LONG: -110 0
LAT: 40
ALT: 2
YEAR: 2012
MONTH: 8
DAY: 20
TIME RA DEC:
11:40:28 0.939913 18.667717
11:48:28 45.025748 35.664741
11:52:28 67.886655 36.996583 
