LONG: -110 0
LAT: 40
ALT: 2
YEAR: 2010
MONTH: 8
DAY: 20
TIME RA DEC:
11:30:00 -33.0588410 -7.056382
11:50:00 55.0931551 36.5731946
12:00:00 98.7739537 31.1314513
